         1          1          6
         1          1         38
         1          1         47
         1          1         49
         1          1         55
         1          1         63
         1          1         67
         1          1         69
         1          1         74
         1          1         78
         1          1         83
         2          2          8
         2          2         34
         2          2         50
         2          2         71
         3          3         36
         3          3         45
         3          3         51
         3          3         52
         3          3         61
         3          3         62
         3          3         63
         4          4          4
         4          4          5
         4          4          6
         4          4          7
         4          4         17
         4          4         35
         4          4         36
         4          4         39
         4          4         41
         4          4         42
         4          4         52
         4          4         53
         4          4         55
         4          4         73
         4          4         78
         4          4         81
         4          4         85
         4          4         87
         5          5          9
         5          5         11
         5          5         18
         5          5         35
         5          5         38
         5          5         42
         5          5         63
         5          5         69
         5          5         81
         5          5         93
         5          5         97
         6          6          8
         6          6         21
         6          6         25
         6          6         39
         6          6         40
         6          6         43
         6          6         59
         6          6         80
         7          7          7
         7          7          8
         7          7         10
         7          7         14
         7          7         38
         7          7         60
         7          7         69
         7          7         83
         7          7         85
         7          7         93
         8          8          8
         8          8         17
         8          8         36
         8          8         38
         8          8         43
         8          8         63
         8          8         83
         9          9          8
         9          9         38
         9          9         45
         9          9         57
         9          9         62
         9          9         73
         9          9         85
        10         10          0
        10         10          7
        10         10         11
        10         10         12
        10         10         15
        10         10         23
        10         10         26
        10         10         29
        10         10         46
        10         10         50
        10         10         63
        10         10         73
        10         10         85
        10         10         86
        10         10         91
        10         10         92